152164;5,75; 5,25; 6,75; 30,25; 2,0
152180;7,5; 6,0; 7,75; 36,5; 4,25
152183;8,25; 8,75; 8,5; 42,25; 2,75
152185;8,75; 7,0; 6,5; 37,5; 1,75
152191;7,0; 5,75; 5,75; 31,25; 2,5
152214;6,5; 5,5; 5,75; 30,0; 4,25
152224;7,5; 4,75; 6,0; 5,75
152226;7,0; 7,25; 4,25; 29,75; 2,5
152235;4,5; 4,5; 6,0; 25,5
152248;7,25; 5,75; 8,25; 36,75; 2,75
152250;7,75; 3,25; 6,25; 31,25; 1,0
152251;8,5; 4,25; 8,0; 37,25; 3,0; 0,75
152254;8,25; 5,25; 8,0; 37,75; 4,0; 4,25
152258;7,0; 4,25; 6,75; 31,75
152294;7,25; 3,5; 4,5; 27,0; 2,75
152300;5,0; 3,5; 5,5; 24,5; 1,25
152301;6,75; 3,75; 4,75; 26,75; 1,0
152307;5,75; 3,25; 2,25; 19,25; 1,5
152311;5,5; 3,0; 5,5; 25,0
152337;8,0; 5,25; 7,5; 36,25; 1,75
152351;8,75; 6,5; 7,75; 39,5; 5,5
152352;7,0; 3,25; 7,25; 31,75; 2,25
152361;7,75; 5,75; 6,5; 34,25; 1,0
152393;4,75; 7,0; 4,25; 25,0; 1,25
153145;6,0; 3,25; 5,75; 26,75; 3,5
153166;7,75; 7,5; 7,75; 38,5; 4,0
153181;7,75; 7,0; 5,0; 32,5; 1,5
153193;7,25; 8,75; 8,25; 39,75; 2,5
153195;6,0; 6,25; 4,5; 27,25; 0,5
153196;6,25; 4,0; 7,25; 31,0
153199;7,75; 5,0; 8,25; 37,0; 3,5
153203;8,0; 6,25; 7,75; 37,75; 4,0
153208;8,0; 3,75; 7,75; 35,75; 5,5
153212;8,5; 8,5; 7,75; 41,0; 3,5
153220;7,0; 6,75; 7,75; 36,25; 0,5
153222;6,5; 5,0; 4,5; 27,0; 0,75
153224;
153226;7,75; 4,5; 7,75; 35,5; 4,0
153236;7,75; 6,25; 7,5; 36,75; 2,25
153240;8,5; 7,25; 7,25; 38,75; 1,75
153250;7,5; 7,75; 7,5; 37,75; 2,25
153256;5,0; 2,75; 3,25; 19,25; 0,75
153262;3,5; 2,25; 7,25; 23,75
153263;6,5; 9,25; 8,0; 38,25
153303;4,75; 3,5; 7,0; 27,0
153311;6,5; 6,25; 7,75; 34,75; 4,0
153313;7,75; 5,5; 6,5; 34,0; 3,25
153352;7,25; 3,0; 5,75; 29,0; 0,75
152612;7,5; 2,5; 5,75; 29,0; 2,75
152615;6,25; 7,75; 7,25; 34,75; 3,0
152639;8,0; 6,25; 7,0; 36,25; 3,25
152640;7,75; 6,75; 8,25; 38,75; 1,5
152641;9,5; 5,5; 6,5; 37,5; 4,0; 3,5
152654;7,5; 8,0; 6,75; 36,5; 1,0
152668;6,25; 6,0; 8,0; 34,5; 1,75
152676;8,5; 6,0; 8,25; 39,5; 0,5
152682;8,25; 6,75; 6,75; 36,75; 3,0
152685;7,75; 3,5; 5,5; 30,0; 1,75
152705;7,25; 8,5; 8,25; 39,5; 3,25
152713;7,5; 6,5; 8,5; 38,5; 4,5
152719;8,5; 8,75; 8,25; 42,75; 1,25; 1,0
152729;8,5; 8,25; 8,75; 42,75; 4,25
152732;8,0; 8,0; 7,25; 38,5; 3,25
152742;8,25; 9,25; 7,75; 41,25; 5,0
152744;8,25; 5,0; 6,0; 33,5; 4,75
152747;8,5; 7,5; 7,75; 40,0; 5,5
152755;7,0; 3,5; 6,75; 31,0; 1,0
152757;4,75; 4,5; 4,75; 23,5; 1,25
152762;8,0; 6,5; 8,25; 39,0; 2,25
152770;8,25; 6,75; 5,75; 34,75; 3,5
152775;8,75; 7,75; 8,0; 41,25; 1,0
152780;8,75; 6,75; 7,5; 39,25; 3,5
152401;7,25; 4,0; 5,5; 29,5; 5,0
152403;5,5; 5,25; 4,25; 24,75; 0,25
152410;6,25; 5,75; 7,0; 32,25; 2,0
152418;6,5; 4,5; 7,25; 32,0
152441;7,5; 5,25; 6,25; 32,75; 1,25
152451;8,5; 7,75; 7,25; 39,25; 0,75
152456;8,5; 7,75; 7,75; 40,25; 1,0
152473;7,75; 4,5; 8,25; 36,5; 0,25
152489;7,75; 9,0; 8,75; 42,0; 4,0
152491;8,25; 7,75; 8,25; 40,75; 4,0
152508;9,25; 5,25; 7,5; 38,75; 3,75
152544;7,75; 4,75; 5,25; 30,75; 4,0
152545;4,75; 4,5; 7,5; 29,0
152555;7,5; 6,25; 6,25; 33,75; 2,5
152558;4,5; 4,25; 3,5; 20,25; 0,75
152560;7,25; 9,0; 8,0; 39,5; 1,5
152561;8,0; 6,5; 6,25; 35,0; 4,0
152564;8,5; 6,5; 6,25; 36,0; 2,0
152570;8,5; 7,25; 8,0; 40,25
152577;5,75; 5,0; 5,0; 26,5
152587;8,5; 8,5; 7,75; 41,0; 6,0
152595;8,0; 7,5; 8,5; 40,5; 6,5
152603;8,75; 4,75; 6,75; 35,75; 4,0
152607;8,0; 7,25; 8,25; 39,75; 1,25; 0,75
152782;2,25; 3,0; 4,75; 17,0
152796;7,25; 3,75; 5,25; 28,75; 1,75
152806;7,5; 3,5; 7,0; 33,0; 1,5
152807;8,75; 7,0; 8,25; 41,0; 6,0; 5,0
152809;8,25; 8,0; 7,5; 39,5; 2,5
153005;6,25; 3,0; 5,0; 25,5; 1,0
153029;8,0; 6,5; 6,75; 36,0; 2,25
153032;7,25; 5,0; 6,25; 32,0; 1,0
153046;7,0; 4,0; 7,25; 32,5; 2,25
153068;7,5; 6,25; 7,75; 36,75; 5,75
153081;5,75; 3,75; 7,5; 30,25; 3,0
153085;4,25; 2,0; 3,0; 16,5
153087;7,0; 7,25; 8,25; 37,75; 3,25
153088;7,25; 5,75; 8,0; 36,25; 2,25
153089;7,0; 4,25; 7,5; 33,25; 2,25
153101;8,0; 7,0; 8,25; 39,5; 4,25
153105;5,25; 2,75; 7,25; 27,75; 1,0
153114;6,5; 3,75; 7,5; 32,25
153118;7,5; 5,5; 8,25; 37,0; 0,5
153126;7,5; 6,75; 7,75; 37,25; 1,75
153128;7,0; 5,75; 7,75; 35,25; 3,0
153130;8,5; 7,75; 8,0; 40,75; 0,5
153133;6,0; 5,75; 6,5; 30,75; 1,5
153136;4,75; 5,25; 4,5; 23,75; 3,5
152001;7,5; 2,25; 4,75; 26,75; 1,0
152026;6,75; 4,0; 8,25; 34,0; 2,75
152029;8,25; 8,0; 7,25; 39,0; 6,0
152031;7,5; 4,0; 7,75; 34,5; 1,0
152038;8,5; 4,25; 7,25; 35,75; 4,75
152054;7,75; 7,5; 5,0; 33,0; 2,5
152061;7,25; 2,75; 5,5; 28,25; 0,75
152064;8,25; 6,25; 7,75; 38,25
152077;6,75; 5,75; 8,0; 35,25; 1,25
152079;8,0; 6,75; 5,75; 34,25; 3,0
152080;8,25; 3,25; 5,5; 31,25; 1,5
152081;5,0; 4,25; 5,0; 24,25; 0,0
152083;9,0; 6,0; 7,25; 38,5; 2,5
152087;8,25; 8,25; 7,75; 40,25; 4,75; 2,25
152119;5,5; 4,25; 7,5; 30,25; 4,0
152124;5,75; 5,25; 5,5; 27,75; 3,25
152129;6,0; 2,25; 3,0; 20,25
152133;7,0; 5,25; 8,5; 36,25; 2,75
152136;7,75; 4,75; 7,75; 35,75; 2,0; 2,25
152144;8,25; 4,5; 8,0; 37,0; 8,25
152145;7,25; 4,5; 7,5; 34,0; 1,25
152149;4,25; 3,75; 2,75; 17,75
152153;6,0; 5,75; 3,75; 25,25
152158;7,25; 3,75; 8,0; 34,25; 3,5
152164;5,75; 5,25; 6,75; 30,25; 2,0
152180;7,5; 6,0; 7,75; 36,5; 4,25
152183;8,25; 8,75; 8,5; 42,25; 2,75
152185;8,75; 7,0; 6,5; 37,5; 1,75
152191;7,0; 5,75; 5,75; 31,25; 2,5
152214;6,5; 5,5; 5,75; 30,0; 4,25
152224;7,5; 4,75; 6,0; 5,75
152226;7,0; 7,25; 4,25; 29,75; 2,5
152235;4,5; 4,5; 6,0; 25,5
152248;7,25; 5,75; 8,25; 36,75; 2,75
152250;7,75; 3,25; 6,25; 31,25; 1,0
152251;8,5; 4,25; 8,0; 37,25; 3,0; 0,75
152254;8,25; 5,25; 8,0; 37,75; 4,0; 4,25
152258;7,0; 4,25; 6,75; 31,75
152294;7,25; 3,5; 4,5; 27,0; 2,75
152300;5,0; 3,5; 5,5; 24,5; 1,25
152301;6,75; 3,75; 4,75; 26,75; 1,0
152307;5,75; 3,25; 2,25; 19,25; 1,5
152311;5,5; 3,0; 5,5; 25,0
152337;8,0; 5,25; 7,5; 36,25; 1,75
152351;8,75; 6,5; 7,75; 39,5; 5,5
152352;7,0; 3,25; 7,25; 31,75; 2,25
152361;7,75; 5,75; 6,5; 34,25; 1,0
152393;4,75; 7,0; 4,25; 25,0; 1,25
