152696;8,75; 4,0; 1,0; 23,5; 5,0
152710;8,5; 6,0; 7,25; 37,5; 5,0
152711;8,0; 7,25; 7,25; 37,75; 3,5; 4,5
152714;8,5; 8,25; 8,25; 41,75; 5,0
152730;8,0; 3,5; 5,25; 30,0
152731;7,75; 5,0; 7,5; 35,5; 3,5
152733;8,75; 8,0; 8,75; 43,0; 5,0
152744;8,25; 5,0; 6,0; 33,5; 4,75
152761;8,75; 7,75; 7,25; 39,75; 4,0
152766;7,75; 6,25; 5,75; 33,25; 3,0
152768;8,5; 7,25; 8,25; 40,75; 4,0
152783;9,25; 8,5; 9,0; 45,0; 6,0
152785;8,25; 8,5; 7,5; 40,0; 5,0
152794;8,0; 7,5; 8,75; 41,0; 4,5
152799;8,25; 7,0; 6,25; 36,0; 4,0
152802;8,5; 4,0; 8,25; 37,5; 4,0
152807;8,75; 7,0; 8,25; 41,0; 6,0; 5,0
152808;6,25; 3,75; 4,25; 24,75; 2,0
153014;8,0; 6,25; 7,5; 37,25; 3,0
153019;7,5; 5,75; 6,25; 33,25; 3,5
153021;8,25; 5,5; 6,5; 35,0; 3,5
153024;8,0; 8,75; 8,5; 41,75; 3,0; 1,1
153028;8,0; 6,75; 7,0; 36,75; 4,0
153033;8,25; 6,5; 8,5; 40,0; 4,5
153056;8,5; 7,75; 8,25; 41,25; 6,0
153057;8,5; 7,5; 8,5; 41,5; 4,5
153060;6,5; 4,0; 6,5; 30,0; 3,5
153065;8,25; 6,75; 8,0; 39,25; 3,5
153090;7,5; 2,25; 6,25; 29,75; 3,5
153098;8,75; 9,75; 8,75; 44,75; 8,0
153111;8,5; 5,25; 8,25; 38,75; 3,5
153117;8,0; 8,5; 8,75; 42,0; 3,0
153119;7,75; 6,5; 6,5; 35,0; 3,5
153123;8,0; 5,25; 8,25; 38,25; 3,0
153127;
153149;8,5; 7,25; 8,25; 40,75; 4,5
153168;7,5; 5,0; 8,0; 36,0; 5,0
153201;8,75; 4,75; 7,0; 36,25; 4,0
153209;8,75; 8,75; 8,5; 43,25; 5,5
153210;8,0; 4,0; 8,75; 37,5; 4,5
153217;8,5; 8,25; 8,25; 41,75; 3,5
153224;
153228;7,75; 5,75; 6,5; 34,25; 4,5
153229;8,25; 6,25; 8,5; 39,75; 4,0
153230;8,5; 9,5; 8,25; 43,0; 5,0; 2,7
153233;8,0; 7,75; 7,25; 38,25; 4,5
153237;8,75; 4,5; 7,25; 36,5; 5,5
153241;8,5; 7,25; 6,5; 37,25; 4,5
152189;8,0; 8,0; 8,25; 40,5; 6,0
152196;7,25; 5,25; 7,75; 35,25; 3,5
152202;6,5; 3,25; 4,5; 25,25; 4,0
152210;9,0; 7,0; 7,25; 39,5; 5,0
152212;8,25; 7,25; 6,75; 37,25; 5,5; 2,75
152215;8,5; 8,0; 8,5; 42,0; 6,0
152216;7,5; 3,25; 7,75; 33,75; 4,0
152218;8,25; 9,0; 7,5; 40,5; 5,25
152219;8,5; 6,75; 6,75; 37,25; 6,5
152222;8,25; 8,25; 8,25; 41,25; 3,5
152251;8,5; 4,25; 8,0; 37,25; 3,0; 0,75
152254;8,25; 5,25; 8,0; 37,75; 4,0; 4,25
152280;8,25; 8,5; 8,25; 41,5; 6,0
152285;8,25; 6,5; 8,5; 40,0; 4,0; 0,3
152293;8,25; 8,5; 8,0; 41,0; 5,5
152340;8,25; 8,25; 8,25; 41,25; 5,0
152343;9,0; 6,75; 8,25; 41,25; 4,0; 6,25
152350;8,5; 5,0; 7,75; 38,0; 6,5
152360;8,5; 7,0; 7,75; 39,5; 5,5
132377;6,5; 3,0; 5,25; 26,5
152378;8,75; 6,5; 8,25; 40,5; 4,0
152391;8,0; 6,0; 7,5; 38,0; 7,25
152397;8,25; 4,25; 8,5; 37,75; 5,0
152399;8,0; 8,0; 8,5; 41,0; 3,0
152020;7,75; 7,0; 7,25; 37,0; 7,0; 1,3
152024;7,5; 6,0; 2,25; 25,5
152028;8,0; 7,25; 8,0; 39,25; 4,0
152041;8,5; 6,5; 6,5; 36,5; 4,0
152044;7,75; 7,0; 6,5; 35,5; 2,5
152047;8,5; 9,75; 8,5; 43,75; 3,2
152052;8,25; 7,5; 8,75; 41,5; 5,5
152055;8,5; 7,0; 7,75; 39,5; 5,0
152056;8,0; 8,5; 7,75; 40,0
152059;7,75; 9,0; 8,25; 41,0; 4,0; 1,9
152060;7,5; 5,75; 7,0; 35,25; 5,0
152066;7,0; 6,25; 7,75; 35,75; 3,0
152076;8,5; 6,25; 7,0; 37,25; 5,0
152089;9,0; 8,5; 9,0; 44,5; 6,5
152094;7,25; 7,75; 8,0; 38,25; 3,0
152100;8,75; 4,75; 7,5; 37,25; 3,0
152103;9,0; 8,25; 8,75; 43,75; 4,0
152108;9,0; 9,0; 9,0; 45,0; 2,5
152120;8,0; 6,5; 7,0; 36,5; 4,5
152136;7,75; 4,75; 7,75; 35,75; 2,0; 2,25
152141;8,5; 7,25; 8,5; 41,25; 5,0
152154;9,0; 6,75; 8,25; 41,25; 3,5
152176;8,5; 7,0; 8,0; 40,0; 5,5
152186;7,25; 7,5; 8,0; 38,0; 4,0; 1,3
152400;8,25; 5,75; 8,0; 38,25; 4,0
152407;8,75; 7,5; 7,75; 40,5; 5,0
152426;8,0; 7,0; 8,25; 39,5; 3,5
152443;6,75; 2,25; 5,5; 27,25; 2,0
152454;8,5; 6,75; 8,5; 40,75; 4,0
152457;8,25; 5,0; 6,0; 33,5; 5,0
152497;7,75; 5,5; 8,25; 37,5; 3,0
152498;7,75; 8,0; 7,75; 39,0; 4,0
152501;8,0; 4,5; 7,25; 35,0; 4,0
152516;9,25; 9,25; 8,5; 44,75; 3,0; 2,1
152551;8,5; 8,0; 7,75; 40,5; 3,0
152553;8,0; 7,25; 7,5; 38,25; 4,5
152576;8,25; 3,0; 6,0; 31,5; 4,0
152581;8,25; 3,5; 6,5; 33,0; 2,0
152586;8,5; 8,25; 7,25; 39,75; 5,5
152587;8,5; 8,5; 7,75; 41,0; 6,0
152596;8,75; 9,25; 9,0; 44,75; 6,5; 1,6
152597;9,0; 8,0; 7,5; 41,0; 4,0
152600;8,75; 9,25; 8,75; 44,25; 6,5
152611;8,25; 8,75; 8,75; 42,75; 4,5; 2,4
152613;7,75; 7,75; 7,75; 38,75; 4,0
152641;9,5; 5,5; 6,5; 37,5; 4,0; 3,5
152647;8,25; 5,5; 7,75; 37,5; 2,0
152690;8,25; 7,75; 6,75; 37,75; 4,5; 2,0
153247;9,0; 6,25; 8,5; 41,25; 3,5
153291;7,75; 5,0; 8,0; 37,0; 5,0
153293;8,75; 9,0; 9,25; 45,0; 5,25; 2,3
153305;8,25; 8,0; 9,0; 42,5; 5,0
153306;8,75; 7,25; 6,75; 38,25; 5,5
153310;7,75; 8,0; 8,25; 40,0; 6,0
153317;8,5; 7,25; 8,25; 40,75; 4,0
153350;8,75; 8,75; 8,0; 42,25; 5,0
153351;8,0; 6,5; 7,75; 38,5; 3,5; 0,8
153356;8,25; 7,25; 7,75; 39,25; 3,5
153359;9,0; 5,0; 7,25; 37,5; 6,0
153361;9,25; 7,0; 8,0; 41,5; 5,5
153362;9,0; 6,75; 7,25; 39,25; 5,0
153367;8,75; 6,75; 7,75; 39,75; 4,0; 1,3
153368;8,0; 7,25; 8,5; 40,25; 4,5
